0
50.2618
0.558863
10.808
0.168839
0.599023
0.201717
2.31254
0.126697
0.172375
0.0809546
2.83472
1.30128
1.53965
0.0544811
0.679857
2.5732
2.05691
0.721559
1.58234
0.58882
2.93495
1.54184
1.11516
0.0183275
2.60309
1.08094
4.48491
0.0484629
2.49598
0.146768
6.20305
0.163808
6.06705
0.389369
3.06468
0.241596
3.30326
0.567969
2.74992
1.3733
2.42634
0.619561
1.2567
0.29683
1.19632
0.616355
1.31288
1.03511
2.58617
0.916982
11.1644
0.310282
0.241448
0.0279266
1.62945
0.860351
3.13874
0.113153
1.99948
0.00850225
1.29559
0.0526133
1.5358
0.0336056
0.594932
0.196851
3.64156
0.0421823
1.6865
0.0802814
2.92531
0.397392
0.37961
0.238758
0.932121
0.0619259
0.15641
0.774411
0.94927
1.33759
3.11523
0.0884769
0.537068
0.284867
2.16071
1.07224
0.74687
1.22603
0.690905
1.0518
1.31359
0.42732
6.94639
0.156736
1.66425
0.854951
4.43695
0.211692
7.57365
2.63867
4.1053
0.382535
2.15095
1.36893
2.70489
0.0935431
0.691493
0.848551
0.665713
0.384017
0.683632
0.227787
2.40776
0.955865
7.48534
1.45272
1.64196
0.207003
1.70692
0.0277452
0.360994
0.221634
6.85945
0.792102
6.04049
0.992229
0.806618
0.293834
2.70497
0.158067
6.67929
0.348503
1.65728
0.0120327
3.22562
0.772605
3.2489
0.336736
9.97352
0.325026
3.2846
0.672802
6.04023
0.522544
1.8398
0.318089
1.18543
0.110157
0.243517
0.403487
1.62213
0.0308972
2.02181
0.456055
2.674
0.0614493
0.95306
0.446581
1.08318
0.183136
3.87765
0.190175
5.13923
0.790263
1.18701
0.709107
1.37196
0.6133
2.06691
0.30005
4.74774
0.665953
0.258267
0.0484349
3.40634
1.17526
0.324427
0.367286
0.482509
0.224868
2.64986
0.461969
1.86408
0.22552
1.40724
0.7373
4.94891
0.0398336
1.67707
0.346932
1.29306
0.49078
7.18365
0.816169
3.61689
0.482133
2.46561
1.86379
1.77837
0.220242
3.03658
0.348601
4.45824
0.36865
0.566434
0.430301
2.36308
0.218327
1.08573
0.629011
1.97565
0.107626
2.09385
0.360753
2.87265
0.748049
0.701908
0.484514
1.54676
0.833092
3.24805
0.00911901
2.88009
0.328839
1.47985
0.344331
2.19883
0.197503
1.85413
0.173501
1.30182
0.592179
0.792686
0.2805
2.22426
0.899161
1.85561
0.0312939
2.39528
0.42064
5.64798
0.133805
4.21107
0.0899886
2.10941
0.676727
3.97604
0.146146
2.97828
0.53089
1.70127
0.177479
0.651717
0.646186
2.21415
0.773217
1.05733
0.10571
3.23647
0.055681
0.853157
0.564711
0.599749
0.29175
3.24814
0.671576
0.446848
1.36032
1.20729
1.29144
6.21597
0.65398
8.51063
0.803991
3.36334
0.41696
5.88551
0.590697
3.52297
0.233031
3.45769
0.218824
2.62181
0.0189861
0.615127
1.18
0.5714
0.494689
3.96695
1.55427
0.779051
0.029195
0.194306
0.150533
1.86978
0.109146
3.61834
0.381388
0.224221
0.0451241
5.54874
1.19298
0.922652
0.108704
6.53449
0.074161
1.01057
0.919703
1.43823
1.05263
0.750788
0.823707
1.2578
0.633325
1.43637
0.0464469
2.46811
0.409223
1.64966
0.982536
2.71769
0.37446
3.2282
0.705999
2.93926
0.379102
0.396277
0.425233
4.59262
1.39602
2.02349
0.732142
1.86944
0.0141925
4.30735
0.535945
8.43506
0.302457
2.09053
0.129696
0.561485
0.497715
1.57147
0.134658
3.42048
0.744746
1.16653
0.312398
4.6959
4.6954
2.05746
0.08945
2.45782
0.461904
1.77897
0.870339
5.06806
0.50229
2.32807
0.527951
0.873583
0.904739
3.10918
0.570453
2.15844
0.15838
0.790231
0.751257
1.78903
0.535885
3.59179
1.62313
0.417389
0.549068
1.83527
0.18713
1.24666
0.107647
5.83694
0.107766
0.113639
0.170999
11.4644
0.679782
2.63253
1.45591
0.183965
0.569428
1.47859
1.03906
1.55068
0.236277
2.2855
0.351794
1.78426
0.0134794
4.74852
0.110772
1.9539
0.867985
2.35528
0.50647
1.57141
0.760287
7.04623
0.0320566
7.758
0.020668
0.524986
0.101537
0.405536
0.072187
3.18049
0.553554
1.96378
0.0440768
1.07047
0.818476
0.552941
0.57478
8.98288
0.12665
2.08434
0.243323
0.893904
0.27302
2.95108
0.0091049
4.32999
0.00703932
1.13012
1.28434
5.62674
0.452795
2.126
0.0659593
2.54647
0.65392
6.49308
0.0265071
1.57157
1.24607
4.56121
0.606133
4.82334
0.21159
1.10224
0.24574
0.704402
0.382473
4.58034
1.67014
1.81721
0.264714
6.25386
1.0272
3.58133
0.426031
0.408233
0.480521
0.141594
0.386076
0.536312
0.0969775
0.372343
0.418063
7.38403
0.0625992
6.84703
0.533363
0.488305
2.00941
1.46088
0.177027
0.479171
1.06771
1.20227
0.676304
0.126354
0.556793
2.23913
0.52173
8.43056
0.446455
0.507785
0.377993
7.19488
0.584062
3.96183
0.334485
2.04415
0.574462
5.07754
0.89166
1.40933
1.53568
1.26646
0.132585
